loss: 0.04703989168192493
loss: 0.0033548665057120766
loss: 0.01629562747584714
